1457991
166787
2852355
336708
300711
2852355
336708
300711
1606750
2178757
979545
3418823
3418823
3418823
3418823
3418823
3418823
3418823
3418823
3425338
3425276
3425173
3425156
3424187
3424930
3404712
3423329
3424354
3424083
3424022
3423817
3423779
3423782
3423721
3422821
3421950
3422854
3422798
3422692
3421745
3422365
3421675
3422300
3411210
3420869
3421941
3418727
3418850
3418948
3419138
3419167
2968147
3419037
3417233
3417113
3417400
3416543
3417201
3415394
3415278
3415431
3415964
3415547
3415526
3413773
3413861
3413817
3412405
3412023
3412075
3412020
3411999
3411991
3411811
3410491
3410175
3410076
3211189
3406216
3406217
3406253
3406108
3405442
3405762
3405648
3405657
3362674
3404200
3402429
3375441
3400869
3384424
3424394
2452739
761141
593319
3425153
3430055
3428570
3428524
3419487
3426932
3419190
3426715
3425627
3425338
3404712
3424354
3424083
3423817
3423721
3422821
3310458
816444
3430055
3428570
3428524
3419487
3426932
3419190
3426715
3425627
3425338
3404712
3424354
3424083
3423817
3423721
3422821
3422798
3422692
3421745
3422365
3421675
1740320
3421941
795306
3418727
3419138
2968147
3419037
3415394
3415278
3415526
3412405
3412075
3411811
3410491
3410076
3405762
3405648
3405657
3375441
3384424
913154
1529396
968318
967008
3429869
3423782
3421950
3417113
3416543
3413773
3412023
3406216
3400869
3429869
3423782
3421950
3417113
3416543
3413773
3412023
3406216
3400869
112735
3428386
3428591
3428501
3428356
3428254
3427413
3426745
3425118
3425276
3425156
3424187
3424930
3423329
3424022
3423779
3422854
3422300
3411210
3420869
3418850
3418948
3419167
3417233
3417400
3417201
3415431
3415964
3415547
3413861
3413817
3412020
3411999
3411991
3410175
3211189
3406217
3406253
3406108
3405442
3362674
3404200
3402429
3447673
1167992
3447642
3413773
437753
3406216
3467360
3447834
3429869
3432072
937242
937242
937242
937242
3447673
3470594
1167992
2086390
937242
3447673
2723160
1597878
3310458
1413155
816444
3470594
3470720
3471045
3470719
1167992
3470469
3470449
3459057
795306
3469542
3469360
3467360
3467879
3467900
3467105
3466666
3467501
2997499
3466098
3438514
3464696
3464611
3464417
3464351
3463290
3464335
2478747
3462365
3462225
3462742
3462670
3462639
3411784
937242
937242
3447673
3470594
3467360
3452245
3450648
3449642
3449133
3447642
3447834
3432072
3429869
3423782
3421950
3417113
3416543
3413773
3412023
3406216
3400869
937242
3447673
937242
3447673
3470594
1167992
3467360
3452245
3450648
3449642
3449133
3447642
3447834
3432072
3429869
3423782
3421950
1485122
3417113
3416543
3413773
3412023
3406216
3400869
997232
437753
937242
937242
3447673
1167992
937242
1167992
3447673
3456052
3456052
1167992
3447673
937242
3468830
3246107
1996461
2689795
2303173
1625167
2499347
3303742
2151980
616551
1440805
1911042
3246107
2303173
2003402
1538372
651784
2002657
2005225
2365654
2037382
2838622
2037382
2037382
1795485
2304295
1836041
1206769
1989647
3092914
1943201
3229071
1843504
2044909
2068537
3088590
1200717
2214344
1201451
2240479
1239880
1800493
3453830
3304215
3082334
3110722
3309232
3397867
2838741
3457483
2958778
1974548
2240479
1529729
1529729
3450981
2935072
3495967
3059427
2951805
3476220
3463918
3467917
3468683
2821612
3194155
3291637
2608289
3389698
3439677
1867432
2328303
3447582
1511855
2171179
3490103
3481904
3362495
3281210
2207537
3268201
3470157
3482454
3327153
3454479
3482483
1986253
3475831
1567527
3481129
3300682
3441658
1830970
3023451
3342805
1748058
3494116
1913079
3490921
3218201
3497209
3499880
3003562
2932826
3452382
3128072
3217703
3447751
1589834
210137
3061850
3492977
3492263
3492245
2022855
3193629
3498520
3438396
3473837
2124402
1914220
3409010
2794190
3193629
3498520
3438396
2124402
3193629
3498520
3438396
3473837
2124402
3193629
3498520
3438396
3473837
1914220
2124402
3193629
3498520
3438396
3473837
1914220
3409010
