3491730
3098690
3049558

2444272
2476006

2023647
3263405
2387984
638719
1627186

2251668
2138062
1892851
3495522
3496717
3386531
434131
3496564
1821233
1981497
153469
3432685
3364447
1404486
1544183
2599184
495964
1066616
2041678
3314118
1294936
1906092
2963361
2034545
3318163
1823916
2318102
1579360
2499745
2266691
806989
2271494
1597525
2862722
2464597
1255631
1607516
3431315
2056422
866304
2721072
2996803
836194
51791
2899479
2378173
570742
3130703
1934454
2121057
1745137
930218
993657
576678
2192807
284895
1824309
2965693
2414789
2727529
3151484
3127842
3163006
914473
1865448
900030
1958457
3491783
2110841
2387224
3263188
2996809
3438925
3284094
1852052
3132376
182611
2577966
3083396
2332633
3494738
3152867
1954029
2966330
1476894
1945591
2687191
3415659
2615956
1949081
2048857
841545
3136411
3061351
2218474
1302759
3198529
3453043
3245043
1888866
2407285
897963
2279213
1523906
2181661
2755412
2185430
2249277
1026069
3479633
2365726
448432
1879892
1649249
2188182
2959957
1376052
1954174
295701
3263867
3284683
3338816
3427656
1294367
2412304
3242150
2250826
2238717
1324338
2711511
634683
2554243
3004418
2913968
2561413
2313993
1836298
3318731
3045487
2699894
2310941
2428301
3391063
3492552
3457875
2152295
1285619
2163342
2137353
2295311
2333100
2075851
2655644
1884484
2989941
1306382
300907
3296757
2339583
2840870
2959346
1866472
2293978
560387
3491030
1681873
3396133
2382889
3464012
1372025
2920254
3454648
1320393
3495795
889964
2189661
3024891
2090531
1888027
3247161
3088302
2849002
3481165
1813952
1993221
2673301
3359388
2216667
650236
1677317
1312822
47352
1611623
1977920
1491246
2700174
3097715
1146608
2211134
1230909
2287861
3340964
3238590
1081297
1900451
3371814
3351767
213407
1988916
1591025
2520508
2429838
2446423
3393043
2060270
1088291
2579344
3483858
3237499
2390475
3424872
1642589
1983478
2496623
1997851
1962391
2521630
3364226
1741277
1631910
3466969
3430588
3286887
2081602
897458
929288
2442653
2818375
2890942
1402851
944262
1112937
2185647
2595840
2331243
3182973
905537
999701
1944228
1621513
3189848
1072557
3326092
2192314
2623533
2833581
3466872
3413264
1866591
37962
1712100
2486650
1043470
2616523
1431704
1721399
1853038
1459100
2439959
3288778
1882636
2393850
1300509
3423326
335011
2445055
3464269
3015802
579326
3412251
2467117
1946086
1699787
3043465
2515474
3091952
198598
1963415
1959595
3354564
3138009
2304017
901272
1154907
2006980
2988161
3399168
3278625
1052141
3333555
2630676
1233010
2066405
2472825
608025
3326820
3275119
276377
625520
1986402
2406939
2654833
3397548
1799176
1859868
2878450
3455218
3475057
3468345
2682421
2509248
2091325
2021061
2664837
3285000
935456
2162134
1066373
3450876
3370421
1465186
3333832
3143256
2048732
2045567
2643868
2150613
2836638
2369149
2801063
2099489
622882
3432938
2063849
1561191
2062265
3403939
188129
2062542
3408316
3291483
1626040
2963165
2343990
1007622
3465221
2458916
2126504
2036700
1449798
3439671
1981001
3057733
3321953
2063644
2187950
2569810
3359441
243487
3487500
947533
1866911
3145492
1893690
2310272
3256885
3237392
1017857
3481555
3417524
2243177
2156079
1361277
3436566
930206
668327
2025267
2867352
2332167
609893
2894205
3432266
2860162
1439462
2779395
2576572
2283991
2152101
1038625
3023870
3071034
2036407
2653214
2075939
2141400
2129586
3208923
1461516
1950843
3353822
1138173
1056120
1285744
2901770
2149041
1914066
1822487
2502116
1659737
2402318
3228706
1716658
1873592
2853498
3263739
1236017
3356797
1933227
3466290
2886762
2159472
3055831
1388765
3444995
2847374
2777369
3484922
1737656
1891699
3248567
2177346
2314663
2436031
3466924
2602788
2924256
55599
1891109
2246199
1470492
3257041
3464137
342472
2517955
2160876
1517125
1840186
2619071
3465525
1791629
3266858
2059222
1963706
2366112
1120194
1670642
1816175
891849
1881635
2811767
3486563
2172393
1950487
2991082
1075080
3428593
1327669
2389252
1144216
2064773
3280295
2419514
3456009
2552545
1813651
1971643
1410135
900919
3298093
2395066
3450309
2118578
2963028
2749276
2511952
2264396
2294320
1847929
2411444
1857057
3486765
1921728
339018
1967270
3121642
1859013
198735
2481595
1672415
3368674
2080377
2238996
3051035
3159957
812612
3189554
1951284
1184135
1934498
1327136
2214123
1153148
2700509
2787379
1905382
2157510
2177225
2398623
2049067
3075669
3191699
2229952
2457168
1373622
2619352
3176245
1184915
1920765
3206158
2190387
1100479
2463265
2636475
657834
238571
2894316
1307065
2599388
3261067
2788888
3369753
2890862
3088092
2431631
1947762
3411869
3413154
1863109
2191447
2497607
3127853
2332967
2010163
2629160
2002622
1892438
1735746
373250
3093634
2382645
2244966
1363864
2226425
2369621
1986687
1029012
3462905
1674858
1096860
2967427
3437092
3423639
2034866
2140116
2324169
2121511
1883250
3250259
3472756
1738598
1203860
2500731
2945881
1768510
2495927
1823267
1988639
2580449
1293173
2140937
3343408
1128462
1973772
2797036
1949884
1440330
3136261
1945807
1070337
3490738
911174
2605720
3443571
2643838
246404
1929015
1465964
1252004
281862
1580818
1858116
3293703
2255689
2345459
2515093
3051183
1857352
1703837
3404301
2358285
3406087
2138423
1955226
1822173
1847136
3062726
2404070
1003158
3314595
1880736
1767377
3410295
2487439
3464384
2622633
2460178
1555080
2055079
2357812
1514561
1480186
1582129
2124680
2828440
1592906
250635
874024
3287659
2595811
2055609
1362904
3231769
1773290
1403700
1256131
2553650
1979494
2841188
2257174
1591487
2747819
1915324
1890057
1659799
3393951
1734563
3392672
3021825
602112
374169
2055779
1588343
3481978
2025810
2189146
585770
1920950
2164886
199720
1912125
1613842
1348871
2824026
2235572
2008651
1625478
2407240
2215216
3358511
2428803
2622595
1935723
2974663
3252223
3444896
990985
2820039
3244467
557252
2137633
3379022
2189470
2897649
2250236
1477321
1892863
2866650
3421085
3014413
3267206
2821265
3419343
3136452
2067988
2517357
3472127
1924330
2334156
3251837
1851543
1363071
2837727
2191809
1909854
3339912
2281347
3052618
1067087
2100586
2235637
1919781
2290781
1865307
2010132
1370209
2799941
3441697
1982906
3138873
1901874
2196284
1060246
2772132
1200573
3122624
1914714
581769
708147
1915022
1004997
1341511
2864587
3450560
2651609
1998263
2369569
1974131
3094147
1638797
3199850
1898344
1699221
2503157
1940236
2852231
3042206
1873018
3433573
3425633
1871689
3308337
1995856
8692
1586370
1898916
3201273
2077930
2079951
1768443
949619
2741580
1086756
2063974
3293887
2794065
3108967
2015704
2601299
2816658
2949738
3197274
2013129
2435991
2194613
436163
953682
2105584
366358
1853193
2639471
3428769
2324957
1849283
2051377
1890352
2520545
3242377
2788664
970295
3342683
3465299
343597
3424475
2130512
3125630
2953191
1959476
2541597
1938308
2121568
811530
890740
3410241
37644
3414051
2235902
3186874
2095693
2442729
2402497
2968955
3153348
1955756
3182613
1093558
1466274
1969976
552799
1791780
2867669
3478317
1951215
2258330
2736776
2312091
2373269
1370695
148580
2923430
1395465
1303885
2760176
2001014
3439219
2374844
1362897
3399399
3390991
923325
3133271
880273
3440951
2306750
1708184
2284580
1634248
2131067
2131250
2641778
2077747
3285285
906062
3154746
1922978
2468528
2417002
3052916
2172884
2665515
3339282
3334249
1819704
3429871
3107041
1736456
815531
3408997
1926735
2361724
1363183
3127736
2350190
2456604
2517187
2229391
2829552
967459
3402818
1887902
3471334
2297355
1410235
2856770
885855
2172242
2240464
2194968
3453610
2999417
1174529
3471691
197033
375083
3204221
1911212
1012999
1988516
2889059
2988980
32700
2261838
1305112
2575003
2107810
3221662
3302850
2858700
615896
1847939
2624943
306954
1844735
2848728
1937584
3032886
3488335
2548498
2263812
2915590
3150207
3355149
3054887
309286
1507834
1994182
3405231
1901631
1581128
3412256
2647354
1349715
2764038
2407681
2375751
2537498
3313097
3388084
2064928
3211658
2362373
3407508
3470109
1465165
2110129
268545
3192578
2201437
2956592
2547721
1955757
1206272
2323570
2809712
1737982
2957435
1827760
1799395
1876395
2173979
314729
3361656
1875375
1453603
3424310
687509
2085233
1826963
3137326
3090315
2145064
2713917
2296490
1925873
2053649
1827629
1114388
2170371
2068890
1626899
1853143
3457893
1979193
3494206
1691611
1696304
591224
2936153
2860636
1990897
2413217
2923184
1909885
2082604
2910323
3206778
1908100
2236537
2237369
1477912
3476767
3434705
2317922
3194136
2081826
2129212
1029832
2980442
2185523
2127382
2125120
2090627
3491694
424679
2989292
3076571
2241116
3213896
3267344
2746156
2282805
1892431
2568263
3431059
942279
2523981
2062746
1529836
910678
2090033
3460108
2269488
1266397
3016092
52602
1860827
2595216
1688709
2182096
1276555
3248612
2989049
2283244
3188655
1334534
2355817
1881758
2051606
1846862
2310805
2514443
2510237
2773536
2169657
1589081
91455
1007696
842338
2093252
2685776
1965485
1925250
2062063
2675924
2999332
1973169
3482363
1982358
2927756
2760244
1657937
3456194
1849074
2849236
3453449
3327878
2888278
2190105
1929987
1984336
3299861
928949
2956020
2064325
700860
3226102
2571940
2978583
3338719
2588534
1612589
3385949
2047003
1700484
1668272
2380008
3476996
838845
3446424
729312
2395160
3419385
993781
3154552
1769455
2754338
2714780
3493950
2815216
1924639
3400689
2032091
2191384
2421568
2922971
641825
3470915
3360631
3490028
2368478
493684
3451365
1160465
3295122
2989894
2046386
1919470
2404445
3459894
2909543
2998221
2527500
831295
3450608
2267760
1457269
433605
2615744
3320455
1948396
3472554
3430452
3092113
2332574
2219194
3093595
3435229
634471
2235571
2968608
3273545
936819
2734503
2765275
3427245
2003110
1839202
1841349
2905021
2411372
3467981
1667563
2102045
2665465
3100770
2830443
2007458
1690565
3189236
2954828
1297078
1915909
2156732
1562928
2202214
1020472
1371284
2204478
794372
3330909
2474838
2023240
3169612
2214241
3422081
1255328
3368837
2177506
2931337
1698314
1897041
1971111
2966885
1409118
959228
2586550
1964075
2889934
2986297
2169454
1788695
3369912
1435317
3258264
2709692
889478
2067193
1944402
1901248
1817899
1408168
267719
3220884
2843588
1414846
1905278
1191658
1616045
651299
2088091
1938134
1572750
3401255
3136645
1701221
3151832
1924570
3456997
725294
2054474
1933159
1662853
1424977
3174089
3454469
1127150
3493661
3447175
1740546
2384558
2492841
1816673
2211169
1362336
2619353
616311
2530991
1105197
474853
1990373
3480418
1968771
2418036
3370066
3181011
2492404
1843307
565014
3435439
2405270
794829
2981042
1043007
3435430
3486210
3439435
948939
3295224
356668
2171493
3376689
2287952
1842062
2484121
2170240
1198432
2005087
1531060
1913981
925228
2454076
842497
2371771
2277065
2779890
3340580
1852044
1960316
3158917
3376304
3255394
2932515
2503907
2521460
2958116
2534496
2097029
1043671
2966920
3154313
1864659
551865
3407730
3330955
1636251
1396926
2798798
3251225
2262390
2000699
2463783
2111470
1234205
2296491
3428476
1795342
2944738
2178745
1171551
3297575
1816244
1113963
2908051
863056
1864747
1165489
2966759
2248197
1739039
2420200
1425370
2287590
302942
1983369
1295995
2517573
2420279
1438266
3195611
2734637
2688394
3471353
2614805
2096266
2178205
2626068
2662287
2960335
3458831
3379121
870840
2227883
2510711
1874616
853858
3054938
2608246
3326890
2569667
2143581
1901210
1791599
1572523
2373673
1997214
3432299
3134073
2843487
2262557
2562692
3424347
1799584
3446429
3253648
3245888
2499972
1856901
2850276
311907
2890985
3206746
1207421
3355991
3417538
796426
170729
1285058
867103
1671238
1972045
2409378
340970
3359860
1902280
2107683
3446018
1809982
2997150
939871
2447355
1874276
1822899
3081800
1948896
853914
1445147
3298278
2936653
2796669
2098604
1642417
3397670
2404920
3110043
1523291
2112396
1474340
608190
2405074
1489458
1974077
2505111
2156076
3252690
2803244
3241053
2198237
2909877
2677008
1565095
2855601
3173903
1370457
2327007
1860943
1692459
3453023
794443
1935664
577944
2991983
592547
1944071
1345964
3441079
3220555
857720
3047631
2166588
1638275
1133685
3462828
3016446
2767780
3373114
2952724
2799527
287262
2819315
3327962
2863763
3239805
1551143
1601732
1579502
2772082
2122238
1984035
2858892
2351401
3061982
1307117
1860315
2974392
1969885
1917308
1268624
2800561
1918003
1569138
2202403
3171449
2231779
1885982
903991
351514
3462904
2381085
2196799
3200285
3375979
808318
3483751
1515696
2460280
2818580
1910677
1866119
322974
2359837
2912501
3434486
3079348
3405426
1097671
1979370
2514542
3423918
1903156
2003559
2991993
2062326
934078
890202
2204170
3248048
3452209
3255241
2990378
3161765
3448368
3357053
2651339
760
3480793
923549
3156633
851536
858010
2945964
1898077
3211376
1916384
1876302
1098740
660173
2234820
2638375
2077886
3331584
2329608
2249764
2617157
1338315
1886509
1946496
2619757
1865310
1894070
918836
3321821
3001215
279453
414528
2700196
2713699
1796009
2783064
3362720
2772000
3112906
3316588
2309166
1556004
1118699
3397759
2081062
3072484
1845298
3411492
2020077
2657284
2705782
3398272
2447234
467792
1689294
3052261
2183463
3115022
3123227
1940142
3186330
2495765
3354619
3449636
3442862
1109170
3143500
540952
2927004
2416610
3074451
2898135
1437149
3115881
2950523
3326156
3289784
1815091
3126197
984937
3017428
3423411
1950977
3488162
1247587
2307928
2869875
3454758
257392
2159919
2684769
1101800
2255875
3072404
1878751
2777733
3101247
3256794
1795844
3370404
1329174
3397222
2561927
3231900
2933511
1357061
1942329
250383
1179880
2006410
1848195
2077587
2313023
3407833
1296099
2545714
1590357
2583123
1130674
512443
2316018
3391429
719547
3339574
2311801
2821317
3323663
1906593
2607804
625190
3319416
1262745
1468657
3461604
2788624
3471049
3394176
424896
1912575
1569442
3394421
2439953
820479
3401264
1132774
1541050
133734
2211547
2185883
2373838
3123816
1916258
3142055
3489701
794938
345391
2760332
2006358
2375254
3430541
1764914
2113367
2315381
1975485
898645
167223
2027346
3306976
1907579
1399115
3213363
1239634
3462174
3178165
2754542
2425557
2087093
3397999
585648
2709852
2483132
229062
3360452
3317843
3009544
1268356
3335244
2989095
3105284
2731749
2623857
2579935
619844
3060019
2795848
2366940
2241980
3116150
1281236
2407110
2822040
1912975
2693228
1985692
3442432
2576240
2517598
2932820
2294761
1970942
2673478
2422703
1213049
1902713
1694627
1575626
2094995
2322968
417134
2908196
1560260
2835660
754582
3227511
2409801
2650583
2340105
2464985
2267624
3097246
1904234
1441153
2082956
1679135
3294242
924378
1165629
3302011
2075532
2980734
2602419
1728245
3326000
2244083
3094130
2839572
2910864
2432042
2242229
2344651
3227428
1542809
1956352
2423387
1417683
2068821
3002014
2092755
1369907
2537190
341759
3107004
1421657
2299960
2302122
3462921
3371523
2636323
1305462
2205821
3438647
2046965
3276441
2937567
1837267
1397070
1495970
2564000
2437763
3434071
1866762
3115973
192823
195723
3213961
2345854
2271036
1000532
2172988
2408626
2807201
3065317
399240
3317602
1896136
1363294
3189498
2022380
2315224
2651243
2899800
2788190
3078016
1568687
2142903
3324898
3004598
2892872
2383770
2548980
2375685
2953036
839179
2060852
2723578
3450229
3233980
2703013
3282269
1467969
3285759
2422420
2506503
3219682
3411679
2769096
3027902
3241512
1269636
1816747
3332141
230137
2652959
2689548
2848040
2809628
2313426
3369049
191287
3384390
808981
3267294
2241659
3008913
21859
3388940
2465139
3006885
2839378
3465788
3403496
3409803
2820950
2907812
2315755
2302709
3286995
2561704
2404199
2728413
2619044
3474919
1446581
2959805
3052557
3217846
3031439
2491585
2297204
3431339
2440025
2458571
1353198
3323598
1958191
1692046
3396735
3076797
2233790
2101116
2884861
3372219
3306041
1501116
1904364
1062937
3265463
2688060
2320115
2643776
1897155
2426669
1373318
3200356
2290214
2828678
3329768
2758770
351970
2329384
843461
1169109
1382857
1369170
1448925
3360086
1193980
3346710
3328223
2559484
1956339
2910297
3215687
2758802
2152993
2145845
3200423
1377489
2925949
2254786
3458910
3353345
3102914
3071652
1996318
2072112
2907056
2844692
2135925
3414404
2510720
2357125
724232
90396
3002036
686207
1135727
2812422
1082722
494854
2465178
2125321
2311298
1967189
3152245
2909838
3402139
3240859
2811956
2105950
1973905
2065381
3175969
3177023
2802057
2205809
3282469
3368943
2287639
926091
2715365
2209863
55785
2068348
1823766
3383402
3413640
2722831
2009829
3080346
3379745
2662258
1519228
2698189
2139428
3071897
2911964
2851453
2804130
2491323
2542059
3283631
2635309
2493197
2043925
2701446
2978414
2150786
3293415
3076998
3254094
2385846
3425529
2835733
1719897
3390322
2437009
3047030
2110979
146358
1881040
1784264
1506960
1803095
465583
3392219
2579886
3168843
1581106
1197409
1685504
3144248
3343488
1088643
2366185
2017952
1854197
2167314
1910556
77960
3395813
3045533
1204651
1999335
1765798
3187929
2895115
2087055
3264128
2226209
3193820
2854925
1825599
2366526
1425817
2476118
2832311
3300933
944321
2177267
2148701
1989782
2044517
2262137
3391127
3409204
3300514
763726
3410863
2580006
2003114
3327709
3369495
253838
1771330
2778838
362419
3139558
708642
2544305
3046339
1915802
2098649
3353552
1299746
1849035
1907688
3431235
653332
3293462
2117454
2613339
994995
1467655
1739125
1398613
2421832
2255648
2205959
2436198
2603182
1251189
2195495
1635081
2025197
3194686
2759914
2849720
3426092
895665
3039466
2173681
1699178
981511
2524213
1636284
2566911
1830856
1972945
1572814
3175363
864324
2737670
3056161
3339546
2249963
1969831
3396836
1890198
3320447
2494571
2272863
1264961
2038998
2004871
2764098
3190207
2715041
1926534
2643749
2065812
567439
2579280
1898810
3396441
1383678
1230574
1016855
2691917
3063654
3343452
2121143
3106987
3009905
3093577
858163
3218542
3065329
2016035
1892185
2233178
1387371
2328790
2110003
3148675
185362
3262073
2718215
2576695
2435479
2197610
1751117
2101508
2694279
2262347
2281502
2935241
1286962
674397
3318200
3402717
447422
2931258
2729633
3064609
2127958
3177869
2047129
1964890
3456188
2938381
2704680
1993744
2751975
2336380
169108
1001686
2010961
3316160
1496650
2355549
2056940
2002443
3076887
3237180
3445494
3143997
3045567
2041229
1835158
2779152
2779375
2917419
2746643
2755427
3163748
3131662
2404080
1056016
3332199
1881794
2127876
3352715
3205891
941345
2939854
3246893
1890403
1900117
2478382
919230
776715
2958795
2343468
3156466
1954090
2241376
2786864
3184616
1053719
2758652
2108757
2025399
1426975
368484
3445275
3353427
3462136
2822548
1161563
2239160
1633248
3324369
2634151
2169593
2378446
2288302
1474209
3344734
1046701
1609889
1252075
3432206
1772131
2714890
1933625
2292874
2362642
1964595
1616631
2028209
2909661
3337251
1871330
2470840
2038664
1140054
3361001
590111
1904199
126204
147324
2066380
1841092
3033393
3310076
2047366
2201373
1711683
989037
1814367
1689697
1690444
1463799
1889552
2452900
3173921
3338185
2026014
3415292
1974394
1742901
2034898
862110
3363807
1563587
1337381
1691670
2335187
1342921
1673410
1644642
3093136
2518027
3305331
3176189
2827303
3080559
953462
3430535
522764
2923623
2236124
2490555
1919364
2354415
2228227
2457014
3402039
3327314
359647
858181
2495116
3391489
3410615
2139800
1043262
1286607
2870670
2739271
2337020
1090248
1839534
3208417
3046663
3213159
1151864
3375658
2140282
1183755
1554076
199089
1843236
1210734
2039987
2887830
1431903
2972437
2109304
2935243
3304014
2808432
1990958
2520310
3029180
1112916
2042612
3251218
2260382
2465460
3392079
1693794
3111264
1052065
767484
2953438
3354781
3457595
2330690
1829412
1875641
2648911
2514280
3333684
3322429
3429089
3403193
2334039
3341274
2893607
2330799
2556280
3305998
3054415
2426772
2571698
2285227
1767127
3396706
2908763
3334750
2144490
2068364
2501365
2932700
1403496
2896608
2645044
2089479
1164792
1736199
2459684
2704362
3164455
2853570
2724143
2280955
3273987
3316591
322677
2159031
2988825
3381019
2814907
3290513
2918045
2677992
3288875
1299154
3325360
2799384
3399341
450390
2414923
2338913
2753929
1933272
3470073
2497039
2606744
2896196
3356295
2535480
1834615
2551362
1398574
1655018
2389986
2376566
1859905
2952540
2248675
375415
2489340
2029701
962029
2825753
955486
2452747
3341825
2743317
1964064
2841308
3404031
3164732
2092429
1003907
2489711
1881130
1744507
2139298
2848316
3343890
2873568
891598
2685392
3208995
3075033
3062260
3374946
2469883
3214818
3212527
2555139
2981884
3400207
2703391
296170
698022
2817551
3338563
830974
3208826
2202480
2375946
2047301
2412959
3387116
3293060
1925893
1895126
1578944
2285707
1825206
3208684
1862794
2335024
3167255
3382107
2278406
2406711
1302154
3196628
2662619
2244496
2567037
540856
1418130
3427326
3163954
500426
2841893
1467019
2450092
3036815
3229049
1261833
705460
1326037
3211741
2656832
2060309
2708217
3400008
3221591
3452854
2543943
2425010
3324176
3033778
728554
2592321
2461979
1996093
3416000
2183261
3128487
1901286
2197049
74535
3008096
2856505
3494039
2263934
2610559
1142223
3132909
2567246
2464543
1677236
2287862
1998482
1887717
2430036
3342043
999492
1399455
1997422
3443042
2109700
3458030
1749187
2418287
2386137
3406849
3358676
140304
2959466
1393067
3314710
2971176
3177532
2504572
1616339
2833410
1966421
1549522
2318082
3327135
2517640
2957228
787792
2960323
3284576
2969107
3264179
3469510
2405233
2038043
2463345
2062383
3356595
2905127
2430686
1466446
2717014
878674
1087769
1185025
1647349
3437394
3193156
477082
1409976
513837
721821
2454235
3111466
2673970
2285828
2305708
3477623
2018576
2045633
1087442
2475837
3313801
3419447
3397700
2063456
1965409
3123946
2695355
1926959
2788975
1917368
3320881
1951540
1207988
2743172
1474605
2593642
2060581
2742144
2701394
2006425
2173174
1546810
1280973
1659363
3434307
1912754
3357863
2334132
2659863
2659537
136969
1896037
2163161
3304945
2381407
3343784
3443054
940598
1566203
1931683
3358134
2762211
2578340
1927082
1096494
2134547
947611
3403694
1292291
2291189
2355472
2196327
973944
2228936
1300492
1682074
2415384
3346102
2925202
1379660
3033949
2265990
2571069
3394770
1382451
3337971
2358811
2924830
1907617
1478652
1872048
2674522
3325697
2848284
1907268
2425340
487285
1900336
2401444
852526
252693
94055
2414437
845088
2424569
1179307
2494079
1515015
2883811
2325415
1807956
1988742
1425964
3330600
867207
2618205
492295
2108915
2399762
2016020
2602929
2163902
3362448
3411820
1877225
3418409
1516680
2045387
2442021
2423398
3477597
3238691
1949489
3405539
3151713
3263702
2280878
2220206
3292469
2982619
3406280
3378215
3174947
2622498
3099037
1112941
1634238
67195
2039643
2210568
1441513
789244
2802834
1925365
3345881
2413271
2088868
3432436
3414378
2899990
2216131
982251
2191380
2083997
2982775
3291524
2718712
1932979
1091047
1807188
827121
1630347
1691522
2049726
1713105
2275166
2593530
2154290
2440389
3424457
3265263
3492608
2647951
3177255
3381807
3486703
903968
3480084
455941
2958396
3299697
1693906
2224591
3444796
3484506
768113
1946679
3452692
1928373
1075300
687841
3462258
3113290
1882603
2137565
3452712
2805844
1925848
3482476
688986
2139755
979195
2862855
2118896
478453
2922695
3441298
1157877
3359394
2923457
3113926
3447117
1900278
1872514
3129838
2297383
2339903
1927163
1933608
1985920
3244385
1463345
2749152
1886391
2740868
1329152
2728739
1127324
3364381
987874
747247
1318394
1695544
2897432
2311544
2271956
3423854
1888860
3474333
2835500
2814876
2464634
829763
3172579
3118724
2003303
3404195
1444271
2103338
2799404
2013555
3424333
1849972
2331087
3325605
2517413
2087438
2073057
2202187
1624531
3399758
2549242
2039322
3374842
1639681
955422
1949582
2144481
3282324
2391975
2176056
2085974
3379857
2960978
3023154
3459362
1827402
1923982
2300865
2232509
3299022
1936309
1825363
2259080
2605659
3408890
2426864
1912560
1187859
2916967
2144714
2332771
3079810
1222014
1003058
2200551
3332281
2758575
2102115
1252817
3196055
3474245
1788143
1875951
1105833
2974097
3443419
2154355
1587725
2996694
3367401
2240898
2194923
1257967
2769002
1143575
3253534
1743256
2650246
2223216
2179676
1942495
3482944
2769618
2071862
3336275
3144322
3012088
2000052
1113737
3083368
974295
1617398
2642373
2300054
2957219
3016686
1817880
3345254
2125031
1379490
2278955
1918471
2366883
1242869
2455626
2071204
2219526
2696649
3170962
2780208
2245477
3411757
3317745
1871483
3140593
1820567
2153197
3324819
1526913
3097508
2179820
3220482
1195113
1711342
2380003
2953647
2896550
2308075
968837
1261876
3156716
2095607
2760092
2179711
980660
1767433
2760572
2651074
3009515
2592629
3393993
459512
1599869
2551174
2585595
2950996
1356992
2573595
2801268
2613589
2615465
3474003
3205710
3076403
2097911
846300
1579585
367731
2895172
244925
1546718
1104495
2373891
3010909
2753544
1493335
1662241
3407513
1980345
3196883
2450845
2472705
602187
2999452
2059496
2970294
2125279
1800978
994336
3369437
2646265
3063252
1970143
2326627
3130684
2224976
3119273
3289446
3060341
1561817
1367881
2227320
2710130
2018383
2064261
3009090
3032268
2560207
3146462
927829
2891347
2570155
994856
2678195
2803942
2035324
1888615
2453563
1929621
663089
2991224
1469365
1839503
3208070
3155197
2126780
2605207
1034889
1467352
2941820
1322239
829285
2928143
2843514
2495060
2378147
3367572
2244029
521733
2505691
3214295
3112223
2442335
239122
3435240
2099895
3052339
3341527
3478223
2353160
897619
2234562
2059358
3483062
784211
1150165
3361493
1657498
2606832
347110
2966351
2929519
2082752
83207
15468
3019343
2977449
2183854
1993564
1706185
1465804
2646705
782653
1232896
2340865
1794775
248578
2838724
2359326
2266127
371825
3370109
3094453
3230500
1282022
258619
1681445
788810
3495804
3131803
499312
2245850
3376697
3185151
3183720
28416
1223435
1319555
1210911
387124
2571517
2483481
3202701
1987331
1091576
1539727
1633766
277789
2693829
173660
481404
938404
3112241
3229466
1956307
3425962
1971353
2878600
3466580
2664491
1940039
999766
1394837
3281383
2972697
3494648
2884549
1109983
3375479
42931
869322
3321935
1699804
1845624
9287
2289456
3048436
3247550
2317013
302837
2763758
2984519
1155569
3389926
1577544
649775
2668569
2134716
959858
2140711
2514027
2297297
3370204
1656960
3402329
2967364
1154320
954254
1857175
1935161
2888541
2402066
804264
2842018
938916
2689916
2033897
2588270
2993730
210049
1451977
660203
3061249
3384059
3355356
829650
3233061
190963
2532298
1293200
2037946
3416094
2732090
2121543
3314870
232960
2935257
1700058
228594
1777617
1972055
3054440
1020097
908896
2241932
1629091
310619
2473936
3464355
2433240
2532873
2521425
3251857
1172354
1899366
324895
3387171
1623505
3240969
2930397
2974012
2818009
2960553
2192866
3426650
3336120
2568639
1092181
2920520
2961215
3327489
2027352
3427321
3221585
252256
3358503
1516569
2090518
3322885
3369094
3335168
1963316
2107394
2933890
1614913
2942152
261834
202414
35113
2063105
588660
1740786
1885304
3275633
2857461
3326350
798997
1309697
2064424
3226041
518051
3477520
1010254
384908
2607105
1286847
940009
247371
3117919
8683
3268835
1849963
972269
3499154
3146463
1004880
991167
3061672
2992299
1942999
2878063
2506034
1995563
878800
2466474
3187727
2472152
2902924
1322472
1808445
2392969
2896561
968993
2857994
479840
1341786
2272136
175281
2792115
3433044
794069
2098994
2862483
771991
795168
2085202
2517865
1242791
2300967
2696678
2897098
804042
2893755
1707587
1445957
424839
1306544
1392416
2096699
2432382
1598323
2000194
2099761
1809575
303358
3429021
1963874
1590023
3040507
2220499
3336432
2972447
1016422
3233080
3466684
2172283
1559956
3083977
1858974
562224
2393889
3045060
3462615
1567923
3134287
3466183
2600655
1664069
119483
3224816
2972792
2032034
2686994
2788081
2308052
2102608
2914402
2041007
2068335
3056547
3490666
2559775
911370
1279303
2506323
1407017
1853188
1952744
2173010
2741876
2779624
3154987
374216
3397201
2651779
3490910
1017174
3210357
3184158
2023569
3037710
3484595
3399691
3479982
2793196
1885623
3316434
1884290
3463951
1895696
59493
3002970
1239025
1175837
1684814
685101
2959185
2311355
1137314
1230077
2025677
962237
1188393
1502385
3304187
847620
3457403
1651104
3324065
2294294
2560427
2931771
251568
2832674
2160251
2657415
1015928
3413850
3263693
3157532
335375
3402147
1948511
2777933
2155088
2881439
2097832
959715
3350839
3373958
2730223
2874493
2122425
2252015
3115950
3070243
1814514
2327260
1972458
1987080
2181875
2939606
3323002
1825937
2426166
1722750
3387476
2065229
2241198
2743672
2403925
2014760
3338908
223178
2279006
3328113
2893848
3037360
331276
1480065
3481395
1934578
2729254
2883913
2002992
2664156
1951905
1027487
3293642
2915782
737679
1278199
2113977
39649
1870678
2537213
3139121
1148393
1979752
2824760
2089984
2877077
2148921
2314586
2770620
1994732
1856231
2349643
3309517
560163
1317435
2070874
2896058
2250213
2352584
2204993
1143936
2956450
3046471
3184989
2221525
2366775
165668
3402408
1791418
3340955
1901684
1862728
3174911
1931384
1652032
1523625
2898860
1402833
2745388
638291
1154414
2189625
1170029
3053613
2733233
3471443
2134220
286240
1799103
3018268
2821191
1799967
2102726
2555309
2499021
2654042
1612353
2216027
2212704
1813402
2208374
3399862
2036303
2829261
702762
3180134
2731470
2676046
2685296
2007783
812938
2896864
2392837
1640135
2669748
690375
3065006
2300291
3118367
2503763
3342560
1182595
2679519
2278062
1123865
3443585
1894948
1202392
3136793
2194018
3425456
3078170
1369555
2440606
1430942
2550963
2885548
2636840
2658206
2984409
1582777
1907468
1235024
1870162
1619800
1054597
1343375
2147062
1665421
3288529
3421033
2739456
2914088
1320163
1276437
1667618
1416984
2156651
685560
1437328
3227902
2896451
2147286
711271
1660697
3137231
1921350
1925746
2991747
1204587
1976399
2195073
953364
3151407
3451930
3331895
2048643
1950336
3130551
957967
1915037
3461413
1339375
1873185
1952958
3289384
2382185
1862495
3474421
1940966
1015227
2847922
2156524
1997210
1186853
1957287
2151438
3456183
1893901
2178344
1011040
1900280
297804
2661029
3255110
2135437
942667
1666588
2972240
2544952
1831719
2688330
903164
2964631
2153885
1574507
3162403
3049170
2278051
945421
1694574
3394843
2995201
1495768
1575968
1819896
2165101
3248823
3486403
3472996
2568038
565664
1690273
2088523
2894146
1792178
2530472
510715
3471813
2431896
1884725
2147777
1383049
3465517
3471276
2058937
1853773
2408541
618536
2695224
2511795
1023185
1878359
2796119
1939440
2532442
1723721
2857067
3381561
3021920
2538749
2686878
3413175
3007832
2029667
2357327
1437601
3331094
2677142
445752
2502601
3344027
997196
2218395
2121486
480417
2302376
3088566
1825006
3379664
2860797
2351708
3075094
1773501
2151852
1969571
2863573
1947459
1852907
2745626
1828473
2170988
1924005
1917609
3091807
1492596
2588867
1839972
2397454
2283974
3275715
887621
1913348
1839561
3417263
3283510
1908107
2699733
1359553
2393845
196964
2685617
2038449
2269138
2034920
1213658
471513
3464501
2193199
1902874
3349584
1155830
2099792
1679248
2211262
2851518
1384755
1342073
1047366
2861775
2367036
1651108
3102882
948823
2887770
2817049
1591314
1897647
2850509
3150089
2435776
2499062
1239905
1514643
281918
2731244
1946965
2381581
1860196
1671516
2052365
3157013
505147
3220871
2034159
1920714
3071708
1864815
1416778
2599152
1097613
1582833
415392
3469858
1663126
619606
1736975
3435395
2208337
3257260
2456409
3407717
912538
1038257
3303442
3412428
3415087
2819619
3031735
3437123
1035539
2454373
1915160
2835077
2856237
2418488
1013669
2405250
2296497
3217985
3254959
1277881
3179841
1473867
2404603
1418813
1957548
2463006
1871290
2286192
2296988
2199657
2318517
960406
676982
3394229
2663516
3459552
2468979
2430636
3255760
1790069
2644794
2126174
1165178
2404585
2400706
1867642
3315897
2225629
3430557
2770590
1458738
391375
1991249
2137583
2834182
2483179
3347771
1601461
1288621
1948862
3208077
3453286
2006738
1976113
1945388
2245467
3342388
3134515
1179291
2652878
1308902
2577248
2285687
1348644
3374996
2542508
1993935
1795455
2586106
2710229
1702116
2880552
1674874
3394129
634017
1031930
2060826
3353496
3381399
2695847
3109796
3380930
3006942
1997689
1746629
3457924
2673094
3121738
3491743
1372284
1510206
1093712
2578166
1217150
1971640
1769173
1615989
1826201
3258060
2807620
3418009
3006591
999422
1842940
2086866
3383746
2447841
1742450
1262047
2120235
3478410
3283608
1581630
1966802
2584292
1127487
2537659
3372963
2162747
1539912
1041803
2716065
1016705
683967
1438522
2552814
1989431
363441
2831772
2507659
902103
3430476
2563991
3100899
1481881
3404267
3071951
1487726
994666
1868669
1130130
2712359
1987452
3486684
2513763
2057529
940627
2251386
2149922
2763709
1313107
2111068
1992764
1947947
3318206
38531
1211816
3139852
1194073
2338306
3365628
1787218
2556789
3488526
2079703
1074598
2604692
1963094
1944104
971601
2938004
80350
2625877
1902116
2865461
3132324
709246
2143990
3258286
302932
3260881
3463793
3385424
641022
3104996
3466712
2250485
3385926
1590422
1959000
2949747
2543376
1633596
903324
3097125
386944
3095792
3230562
3348948
2416080
1681461
1906030
1455717
1680646
3363539
3431590
2400987
1707006
1895985
316819
3048605
2969395
1530684
1797454
2455395
3464558
3074638
528212
1509730
2512615
1125977
1314077
3456034
1944958
3444283
1295906
3351543
2092948
1951717
2974355
1215904
1274727
3236871
1720088
2015590
2049091
3315508
1514203
1998775
3350023
2477418
2216020
1680176
2641030
2784663
2171450
1911279
2120094
2633289
1532515
2688178
844565
2427284
901283
1978196
3372407
2512795
2610215
2018042
1973429
2212546
2944815
1385661
2117868
2204085
2155414
1383806
2581685
2430267
2256413
2703410
1507331
2293702
2288429
2646555
2534544
1373674
552599
2983871
2344288
703178
2910252
3152920
1309355
3359741
1074670
2114610
2626770
1842874
1442447
3360488
1122598
2749667
2391339
2472417
2002796
2753145
770836
2108001
2702225
1032033
2197303
3383672
2278343
1961583
2385881
2664813
1925395
1243902
1587009
1094438
2899677
2155961
1770003
1631165
1909617
54136
1742814
1976157
2965775
1348074
2866792
774769
1554411
1074560
1291516
2818752
1379877
2950896
2642367
3390410
1488948
1136080
2752668
1451097
2135598
1611614
1170564
2197636
1862514
2397296
2191098
3470918
3347230
3294048
1489480
3456600
1107387
2048925
3468999
48300
1345950
3074647
2880144
2099879
2795674
2601121
2781777
1027185
1063695
2991589
1835396
3429106
1548915
547010
880361
1063250
2079451
652600
1423887
1160285
1301035
1167753
2419829
3039618
1833184
2010909
2000367
2477508
511787
2899967
2981611
3346369
3026027
1947926
1957644
2006855
2423867
2824344
3305033
2507519
3303153
842460
2821240
347930
984540
2074056
3010923
1995852
1089455
1623304
3178059
2202707
550144
3398350
1865692
3453539
713050
1516407
1106735
2052046
2769651
3327079
1799133
2268216
3280318
2004562
1917554
2804328
2775831
2163386
3389103
2181019
2821104
2311304
2181304
2499332
1745082
679556
2525249
2294131
1816393
2407354
2588484
2139480
1930181
1502878
2162373
1427597
1143798
2018423
2384175
2609362
2383618
2897733
2424363
1914210
3391325
3451929
1342336
2276020
2160237
1155789
3427408
2476472
1847689
2347187
1539962
2480694
2276538
3313672
596643
1908696
1501886
2764757
1906613
2496691
180894
3303707
2195348
956793
3131452
333188
2927713
1461575
2385485
2823292
2286725
2715895
2910450
2336822
653417
3123733
2714618
3200270
3478305
941363
3390268
989375
3338755
905951
2114440
1182377
1900436
2739505
1907373
1875755
3433117
1234628
1263166
2390452
1914956
2375788
1920797
2580177
2087764
2811603
1807192
2747084
2380829
3249714
1886094
2431827
1350416
3191784
1229620
2406603
2378709
2429504
2458169
3431312
3355968
2001674
2033929
2279995
2495997
1345745
3069673
1735492
998714
3343758
2375366
3046660
2868350
3478563
396071
3025488
3148380
3426684
3398952
2975440
2890325
2163455
2781081
3087811
1747523
2470162
85221
2363422
2121600
2209102
2127673
2241077
2540470
1926304
1164650
3310781
2962069
1713866
1132019
1491296
2496817
2168709
1482642
1930501
1239051
2192954
1485496
1809153
2450890
1905460
2299814
3408031
2885324
2769890
2427188
2818068
386349
3436864
2892949
1816703
2044754
2409983
3213061
550244
1501436
575371
2558624
2981284
693594
2574912
2103591
1698402
2748843
2684484
253078
2596371
224171
2780866
1794342
1877790
2523497
1643292
957508
3342489
1641056
2303683
2355622
1887922
1947852
2692229
1951267
536604
988630
1143699
1899168
3003436
2497469
2594852
2643945
2948627
287630
599851
3060767
2358985
3301144
1343838
1308664
2201216
1256570
2656943
3157846
1546817
695385
1199522
233606
1703171
1477609
3394425
2426077
2283427
3384851
1855894
2425847
433717
2806898
2038063
259054
2128736
2954604
3366270
2238549
2211779
946446
2818549
3401736
2107117
3343472
2193137
2460752
2223684
3389005
2967324
3272279
2435705
732935
2007642
1903697
3303109
2488046
1012293
3399164
1900711
967124
1804637
1876634
1955078
1673462
639382
2827905
1038945
1549324
1796352
1841928
1864220
1986330
1432787
954070
831286
323428
1659788
3091045
3312822
2173777
3357373
2625476
523655
2729043
1838214
1625766
2037948
1384437
1343792
1184940
3354553
2452999
1977347
1934248
2776329
1656452
2889861
2986055
1832551
2820364
3163566
2370756
2373897
3327277
1658784
3176276
1130794
3390865
833835
1099181
2233817
1904119
3371357
880599
2505851
2988127
2397878
2076320
979013
2053753
3350049
302674
2586522
2814801
3468005
912395
3200601
3479977
3410820
2090551
2148446
3019800
2002210
2767720
1939548
3428118
2107039
1564529
3415977
2797123
2053919
3213862
2620811
2077554
3478236
1876948
2131014
1378784
1724978
2574572
3478250
1972686
3924
2671718
2026710
2531472
1713730
3440123
2445946
2020545
2311231
2697340
2877160
2712106
23106
3043918
2274516
2850597
1940225
2106127
780054
279976
2642121
2133072
3467002
1645195
2067009
2122018
2457413
1536348
2029986
3431876
3344088
3360681
3080359
1891832
3496264
1934294
2005778
2410704
1370894
2042840
3273874
1961879
3124799
2840023
1655266
2869721
1597870
1948510
3118402
47160
2116858
3403833
2344302
2846519
2868995
3378217
1985101
2068126
2232228
2033394
2515415
2651937
3333456
7727
2800745
2361923
3486581
3284825
1942680
1829050
2972901
2090925
2951827
2256454
3336146
3036710
1010471
3099786
1658379
3183442
1564073
3271774
3479308
3481019
3466469
2300847
857251
3088662
2381770
3236238
2394656
2012962
3276927
2036873
2061536
789195
362582
179424
1772284
1724166
2072252
2186351
1566171
3007714
2001452
2174236
2145393
3252289
2061400
307504
1585888
2044324
2078963
2409499
1878204
2207799
3494917
2097451
211803
2019475
2965709
3481037
3165315
3350804
1877372
3130213
3270793
3298255
3480110
3426741
3393311
3125907
1396465
2394166
3333523
2008010
1871560
3014350
3448931
2155110
3302784
